4.245697500000000000e+06
2.443314750000000000e+06
1.472958250000000000e+06
9.234918750000000000e+05
5.987421875000000000e+05
3.996140312500000000e+05
2.735513750000000000e+05
1.914784375000000000e+05
1.367070312500000000e+05
9.934157031250000000e+04
7.334298437500000000e+04
5.492934375000000000e+04
4.167631250000000000e+04
3.199714062500000000e+04
2.483299609375000000e+04
1.946506445312500000e+04
1.539741796875000000e+04
1.228288281250000000e+04
9.875066406250000000e+03
7.996905273437500000e+03
6.519661621093750000e+03
5.348720703125000000e+03
4.413820312500000000e+03
3.662299072265625000e+03
3.054330810546875000e+03
2.559543212890625000e+03
2.154597412109375000e+03
1.821415283203125000e+03
1.545901855468750000e+03
1.316995727539062500e+03
1.125958740234375000e+03
9.658485107421875000e+02
8.311171875000000000e+02
7.173079833984375000e+02
6.208231811523437500e+02
5.387429809570312500e+02
4.686874389648437500e+02
4.087073059082031250e+02
3.572003173828125000e+02
3.128438720703125000e+02
2.745411376953125000e+02
2.413801269531250000e+02
2.125990447998046875e+02
1.875602722167968750e+02
1.657276306152343750e+02
1.466493530273437500e+02
1.299438629150390625e+02
1.152874069213867188e+02
1.024051666259765625e+02
9.106293487548828125e+01
8.106069946289062500e+01
7.222725677490234375e+01
6.441582489013671875e+01
5.749999237060546875e+01
5.137086868286132812e+01
4.593449020385742188e+01
4.110946273803710938e+01
3.682524108886718750e+01
3.302051925659179688e+01
2.964194488525390625e+01
2.664282608032226562e+01
2.398237991333007812e+01
2.162461853027343750e+01
1.953732109069824219e+01
1.769106864929199219e+01
1.605453681945800781e+01
1.459317874908447266e+01
1.328151988983154297e+01
1.210175895690917969e+01
1.103893280029296875e+01
1.008004760742187500e+01
9.214012145996093750e+00
8.431287765502929688e+00
7.723590850830078125e+00
7.083540916442871094e+00
6.504661560058593750e+00
5.981061935424804688e+00
5.507211685180664062e+00
5.077676773071289062e+00
4.686876773834228516e+00
4.328960418701171875e+00
3.997726678848266602e+00
3.686705350875854492e+00
3.389271497726440430e+00
3.098755121231079102e+00
2.808699846267700195e+00
2.512830018997192383e+00
2.204992294311523438e+00
1.879331946372985840e+00
1.530271410942077637e+00
1.153364062309265137e+00
7.616961002349853516e-01
4.095537662506103516e-01
1.144633293151855469e-01
-1.273887157440185547e-01
-3.244695663452148438e-01
-4.841358661651611328e-01
-6.128818988800048828e-01
-7.163186073303222656e-01
-7.988760471343994141e-01
-8.640804290771484375e-01
-9.147419929504394531e-01
-9.531261920928955078e-01
-9.810681343078613281e-01
-1.000068426132202148e+00
-1.011370420455932617e+00
-1.016020536422729492e+00
-1.014917612075805664e+00
-1.008859395980834961e+00
-9.985654354095458984e-01
-9.847033023834228516e-01
-9.678909778594970703e-01
-9.486815929412841797e-01
-9.275920391082763672e-01
-9.051170349121093750e-01
-8.817093372344970703e-01
-8.577725887298583984e-01
-8.336198329925537109e-01
-8.094165325164794922e-01
-7.854156494140625000e-01
-7.618114948272705078e-01
-7.387311458587646484e-01
-7.162573337554931641e-01
-6.944329738616943359e-01
-6.732473373413085938e-01
-6.526932716369628906e-01
-6.327581405639648438e-01
-6.134192943572998047e-01
-5.946495532989501953e-01
-5.764002799987792969e-01
-5.586314201354980469e-01
-5.413203239440917969e-01
-5.244460105895996094e-01
-5.079853534698486328e-01
-4.919152259826660156e-01
-4.762117862701416016e-01
-4.608643054962158203e-01
-4.458456039428710938e-01
-4.311208724975585938e-01
-4.166789054870605469e-01
-4.025158882141113281e-01
-3.886010646820068359e-01
-3.749001026153564453e-01
-3.613874912261962891e-01
-3.480377197265625000e-01
-3.348321914672851562e-01
-3.217537403106689453e-01
-3.088073730468750000e-01
-2.960674762725830078e-01
-2.835540771484375000e-01
-2.712771892547607422e-01
-2.592494487762451172e-01
-2.474944591522216797e-01
-2.360258102416992188e-01
-2.248733043670654297e-01
-2.140762805938720703e-01
-2.036497592926025391e-01
-1.936275959014892578e-01
-1.840484142303466797e-01
-1.749489307403564453e-01
-1.663551330566406250e-01
-1.582696437835693359e-01
-1.506717205047607422e-01
-1.435520648956298828e-01
-1.368944644927978516e-01
-1.306688785552978516e-01
-1.248369216918945312e-01
-1.193261146545410156e-01
-1.140837669372558594e-01
-1.090648174285888672e-01
-1.042292118072509766e-01
-9.954786300659179688e-02
-9.499382972717285156e-02
-9.054613113403320312e-02
-8.618950843811035156e-02
-8.194088935852050781e-02
-7.781291007995605469e-02
-7.381296157836914062e-02
-6.993699073791503906e-02
-6.620311737060546875e-02
-6.262803077697753906e-02
-5.921244621276855469e-02
-5.593037605285644531e-02
-5.275893211364746094e-02
-4.965281486511230469e-02
-4.654026031494140625e-02
-4.336667060852050781e-02
-4.009962081909179688e-02
-3.675866127014160156e-02
-3.332948684692382812e-02
-2.980923652648925781e-02
-2.620983123779296875e-02
-2.259135246276855469e-02
-1.904797554016113281e-02
-1.560854911804199219e-02
-1.228809356689453125e-02
-9.118080139160156250e-03
-6.131410598754882812e-03
-3.355741500854492188e-03
-8.118152618408203125e-04
1.485109329223632812e-03
3.532171249389648438e-03
5.332946777343750000e-03
6.893157958984375000e-03
8.234024047851562500e-03
9.397745132446289062e-03
1.040244102478027344e-02
1.126456260681152344e-02
1.199841499328613281e-02
1.261854171752929688e-02
1.313853263854980469e-02
1.357221603393554688e-02
1.396059989929199219e-02
1.437520980834960938e-02
1.483941078186035156e-02
1.537394523620605469e-02
1.599574089050292969e-02
1.672053337097167969e-02
1.754832267761230469e-02
1.846909523010253906e-02
1.946997642517089844e-02
2.053976058959960938e-02
2.164697647094726562e-02
2.274394035339355469e-02
2.375459671020507812e-02
2.459383010864257812e-02
2.517485618591308594e-02
2.540874481201171875e-02
2.521419525146484375e-02
2.451181411743164062e-02
2.323627471923828125e-02
2.134013175964355469e-02
1.880002021789550781e-02
1.563954353332519531e-02
1.191449165344238281e-02
7.705211639404296875e-03
3.132820129394531250e-03
-1.584768295288085938e-03
-6.260633468627929688e-03
-1.071119308471679688e-02
-1.473212242126464844e-02
-1.811814308166503906e-02
-2.067017555236816406e-02
-2.219128608703613281e-02
-2.249097824096679688e-02
-2.139234542846679688e-02
-1.873111724853515625e-02
-1.436018943786621094e-02
-8.152961730957031250e-03
0.000000000000000000e+00
