5.098289251327514648e-02
4.878365993499755859e-02
4.632991552352905273e-02
4.363030195236206055e-02
4.069536924362182617e-02
3.753495216369628906e-02
3.415995836257934570e-02
3.058159351348876953e-02
2.681142091751098633e-02
2.420389652252197266e-02
2.164107561111450195e-02
1.893275976181030273e-02
1.608985662460327148e-02
1.312220096588134766e-02
1.004099845886230469e-02
8.309662342071533203e-03
6.910026073455810547e-03
5.431056022644042969e-03
3.880858421325683594e-03
2.275347709655761719e-03
6.707906723022460938e-04
-9.814500808715820312e-04
-2.673327922821044922e-03
-4.398077726364135742e-03
-6.148219108581542969e-03
-7.917255163192749023e-03
-9.288281202316284180e-03
-1.017934083938598633e-02
-1.105964183807373047e-02
-1.188674569129943848e-02
-1.271015405654907227e-02
-1.352572441101074219e-02
-1.432907581329345703e-02
-1.514148712158203125e-02
-1.593804359436035156e-02
-1.671299338340759277e-02
-1.746317744255065918e-02
-1.818558573722839355e-02
-1.887848973274230957e-02
-1.953941583633422852e-02
-2.016675472259521484e-02
-2.075886726379394531e-02
-2.114251255989074707e-02
-2.132505178451538086e-02
-2.149203419685363770e-02
-2.192792296409606934e-02
-2.232503890991210938e-02
-2.268379926681518555e-02
-2.300989627838134766e-02
-2.330848574638366699e-02
-2.356901764869689941e-02
-2.379211783409118652e-02
-2.397826313972473145e-02
-2.412855625152587891e-02
-2.424365282058715820e-02
-2.432453632354736328e-02
-2.437233924865722656e-02
-2.438831329345703125e-02
-2.437385916709899902e-02
-2.433031797409057617e-02
-2.433907985687255859e-02
-2.432185411453247070e-02
-2.427998185157775879e-02
-2.421507239341735840e-02
-2.412852644920349121e-02
-2.402207255363464355e-02
-2.381983399391174316e-02
-2.359327673912048340e-02
-2.329260110855102539e-02
-2.315545082092285156e-02
-2.300721406936645508e-02
-2.284887433052062988e-02
-2.268189191818237305e-02
-2.250710129737854004e-02
-2.232581377029418945e-02
-2.213919162750244141e-02
-2.190223336219787598e-02
-2.152159810066223145e-02
-2.113434672355651855e-02
-2.074101567268371582e-02
-2.034255862236022949e-02
-1.996764540672302246e-02
-1.962661743164062500e-02
-1.928094029426574707e-02
-1.907366514205932617e-02
-1.853796839714050293e-02
-1.801759004592895508e-02
-1.751327514648437500e-02
-1.702541112899780273e-02
-1.645380258560180664e-02
-1.586869359016418457e-02
-1.530312001705169678e-02
-1.500660181045532227e-02
-1.477426290512084961e-02
-1.431292295455932617e-02
-1.380847394466400146e-02
-1.327472925186157227e-02
-1.277133822441101074e-02
-1.229840517044067383e-02
-1.185606420040130615e-02
-1.144465804100036621e-02
-1.106417179107666016e-02
-1.071466505527496338e-02
-1.039640605449676514e-02
-1.010908186435699463e-02
-9.852916002273559570e-03
-9.509965777397155762e-03
-8.974835276603698730e-03
-8.471503853797912598e-03
-7.999569177627563477e-03
-7.558822631835937500e-03
-7.149398326873779297e-03
-6.770804524421691895e-03
-6.422892212867736816e-03
-6.166115403175354004e-03
-5.898147821426391602e-03
-5.493313074111938477e-03
-5.091235041618347168e-03
-4.832252860069274902e-03
-4.856169223785400391e-03
-4.694849252700805664e-03
-4.245221614837646484e-03
-3.824010491371154785e-03
-3.430649638175964355e-03
-3.064572811126708984e-03
-2.725496888160705566e-03
-2.541944384574890137e-03
-2.454996109008789062e-03
-2.157106995582580566e-03
-1.872837543487548828e-03
-1.603916287422180176e-03
-1.374632120132446289e-03
-1.170560717582702637e-03
-9.775757789611816406e-04
-7.950067520141601562e-04
-6.225705146789550781e-04
-3.551840782165527344e-04
3.848969936370849609e-05
4.257410764694213867e-04
5.938410758972167969e-04
7.490962743759155273e-04
9.126365184783935547e-04
1.064553856849670410e-03
1.204848289489746094e-03
1.333728432655334473e-03
1.450926065444946289e-03
1.556456089019775391e-03
1.650020480155944824e-03
1.731500029563903809e-03
1.832619309425354004e-03
2.043068408966064453e-03
2.236127853393554688e-03
2.410948276519775391e-03
2.566814422607421875e-03
2.702802419662475586e-03
2.817809581756591797e-03
2.915292978286743164e-03
2.995178103446960449e-03
3.062918782234191895e-03
3.183573484420776367e-03
3.274708986282348633e-03
3.335461020469665527e-03
3.364354372024536133e-03
3.360465168952941895e-03
3.322556614875793457e-03
3.249332308769226074e-03
3.139942884445190430e-03
2.978667616844177246e-03
3.294959664344787598e-03
3.557696938514709473e-03
3.766685724258422852e-03
3.921627998352050781e-03
4.022166132926940918e-03
4.074618220329284668e-03
4.112921655178070068e-03
4.096373915672302246e-03
4.024833440780639648e-03
3.898583352565765381e-03
3.717944025993347168e-03
3.483138978481292725e-03
3.194697201251983643e-03
3.449238836765289307e-03
3.629811108112335205e-03
3.778755664825439453e-03
3.896109759807586670e-03
3.981873393058776855e-03
4.036419093608856201e-03
4.059739410877227783e-03
4.052102565765380859e-03
4.013746976852416992e-03
3.944858908653259277e-03
3.845594823360443115e-03
3.785029053688049316e-03
3.825150430202484131e-03
3.853566944599151611e-03
3.855682909488677979e-03
3.831654787063598633e-03
3.830388188362121582e-03
3.837190568447113037e-03
3.819413483142852783e-03
3.776371479034423828e-03
3.708243370056152344e-03
3.709331154823303223e-03
3.741562366485595703e-03
3.750897943973541260e-03
3.737173974514007568e-03
3.700368106365203857e-03
3.641851246356964111e-03
3.623180091381072998e-03
3.633037209510803223e-03
3.620833158493041992e-03
3.586508333683013916e-03
3.530114889144897461e-03
3.451660275459289551e-03
3.351233899593353271e-03
3.316409885883331299e-03
3.321416676044464111e-03
3.290437161922454834e-03
3.384143114089965820e-03
3.453500568866729736e-03
3.498129546642303467e-03
3.443382680416107178e-03
3.312088549137115479e-03
3.153659403324127197e-03
2.967864274978637695e-03
2.904981374740600586e-03
2.975985407829284668e-03
3.027446568012237549e-03
3.059186041355133057e-03
3.070965409278869629e-03
3.051653504371643066e-03
3.009088337421417236e-03
2.946659922599792480e-03
2.863727509975433350e-03
2.760410308837890625e-03
2.636834979057312012e-03
2.493299543857574463e-03
2.408377826213836670e-03
2.326689660549163818e-03
2.209357917308807373e-03
2.337284386157989502e-03
2.433702349662780762e-03
2.499058842658996582e-03
2.533890306949615479e-03
2.417907118797302246e-03
2.219982445240020752e-03
2.069935202598571777e-03
2.015955746173858643e-03
1.941449940204620361e-03
1.817926764488220215e-03
1.734293997287750244e-03
1.747973263263702393e-03
1.746505498886108398e-03
1.730829477310180664e-03
1.701831817626953125e-03
1.660436391830444336e-03
1.607619225978851318e-03
1.544274389743804932e-03
1.471437513828277588e-03
1.395739614963531494e-03
1.549832522869110107e-03
1.613363623619079590e-03
1.525063067674636841e-03
1.427836716175079346e-03
1.321729272603988647e-03
1.206599175930023193e-03
1.082457602024078369e-03
9.493045508861541748e-04
8.071213960647583008e-04
6.558112800121307373e-04
4.952996969223022461e-04
3.259964287281036377e-04
3.594793379306793213e-04
4.085749387741088867e-04
4.493556916713714600e-04
4.815161228179931641e-04
5.048476159572601318e-04
5.191266536712646484e-04
5.242303013801574707e-04
5.200393497943878174e-04
5.065016448497772217e-04
4.836842417716979980e-04
4.515461623668670654e-04
4.102215170860290527e-04
3.598704934120178223e-04
3.006495535373687744e-04
2.327449619770050049e-04
1.564510166645050049e-04
7.573142647743225098e-05
1.605600118637084961e-05
-5.040317773818969727e-05
-1.233592629432678223e-04
-2.025105059146881104e-04
-2.264566719532012939e-04
-2.355240285396575928e-04
-2.481117844581604004e-04
-2.640858292579650879e-04
-2.832524478435516357e-04
-2.451613545417785645e-04
-6.913021206855773926e-05
-1.938194036483764648e-04
-3.213658928871154785e-04
-4.506558179855346680e-04
-5.805939435958862305e-04
-7.101967930793762207e-04
-8.384324610233306885e-04
-9.644404053688049316e-04
-9.257122874259948730e-04
-9.108632802963256836e-04
-8.938051760196685791e-04
-8.769966661930084229e-04
-8.605420589447021484e-04
-8.647702634334564209e-04
-9.032823145389556885e-04
-9.426958858966827393e-04
-9.832940995693206787e-04
-1.025464385747909546e-03
-1.069631427526473999e-03
-1.116245985031127930e-03
-1.165818423032760620e-03
-1.204479485750198364e-03
-1.243539154529571533e-03
-1.256633549928665161e-03
-1.277066767215728760e-03
-1.315470784902572632e-03
-1.393988728523254395e-03
-1.482293009757995605e-03
-1.581382006406784058e-03
-1.692011952400207520e-03
-1.635883003473281860e-03
-1.641020178794860840e-03
-1.667633652687072754e-03
-1.698594540357589722e-03
-1.738902181386947632e-03
-1.749996095895767212e-03
-1.778211444616317749e-03
-1.837734133005142212e-03
-1.924432814121246338e-03
-1.955438405275344849e-03
-2.002559602260589600e-03
-2.102244645357131958e-03
-2.133794128894805908e-03
-2.082850784063339233e-03
-2.097770571708679199e-03
-2.162879332900047302e-03
-2.213586121797561646e-03
-2.242375165224075317e-03
-2.270493656396865845e-03
-2.308774739503860474e-03
-2.307195216417312622e-03
-2.361770719289779663e-03
-2.464931458234786987e-03
-2.575142309069633484e-03
-2.623254433274269104e-03
-2.549696713685989380e-03
-2.537295222282409668e-03
-2.587050199508666992e-03
-2.640161663293838501e-03
-2.692861482501029968e-03
-2.714566886425018311e-03
-2.721512690186500549e-03
-2.772457897663116455e-03
-2.938898280262947083e-03
-2.911854535341262817e-03
-2.773907035589218140e-03
-2.801967784762382507e-03
-2.832358703017234802e-03
-2.883924171328544617e-03
-2.910275012254714966e-03
-2.942398190498352051e-03
-2.979012206196784973e-03
-2.947578206658363342e-03
-2.938473597168922424e-03
-2.966634929180145264e-03
-2.997336909174919128e-03
-3.060404211282730103e-03
-3.070643171668052673e-03
-3.028074279427528381e-03
-3.022303804755210876e-03
-3.075545653700828552e-03
-3.090085461735725403e-03
-3.085235133767127991e-03
-3.086730837821960449e-03
-3.108296543359756470e-03
-3.132781013846397400e-03
-3.146752715110778809e-03
-3.183187916874885559e-03
-3.163790330290794373e-03
-3.146601840853691101e-03
-3.165859729051589966e-03
-3.173960372805595398e-03
-3.144215792417526245e-03
-3.135861828923225403e-03
-3.122895956039428711e-03
-3.126829862594604492e-03
-3.149006515741348267e-03
-3.188822418451309204e-03
-3.152454271912574768e-03
-3.154499456286430359e-03
-3.151202574372291565e-03
-3.140240907669067383e-03
-3.131546080112457275e-03
-3.130765631794929504e-03
-3.136277198791503906e-03
-3.157060593366622925e-03
-3.171078860759735107e-03
-3.138056024909019470e-03
-3.117868676781654358e-03
-3.103366121649742126e-03
-3.094181418418884277e-03
-3.097305074334144592e-03
-3.102805465459823608e-03
-3.118870779871940613e-03
-3.127209842205047607e-03
-3.111923113465309143e-03
-3.098575398325920105e-03
-3.095766529440879822e-03
-3.085188567638397217e-03
-3.068635240197181702e-03
-3.064159303903579712e-03
-3.057304769754409790e-03
-3.056099638342857361e-03
-3.066653385758399963e-03
-3.083351999521255493e-03
-3.091262653470039368e-03
-3.085896372795104980e-03
-3.038501366972923279e-03
-3.005094826221466064e-03
-2.981506288051605225e-03
-2.973349764943122864e-03
-2.965856343507766724e-03
-2.957956865429878235e-03
-2.951154485344886780e-03
-2.945158630609512329e-03
-2.926304936408996582e-03
-2.915076911449432373e-03
-2.915211021900177002e-03
-2.894641831517219543e-03
-2.876028418540954590e-03
-2.861389890313148499e-03
-2.842701971530914307e-03
-2.821944653987884521e-03
-2.807768061757087708e-03
-2.794783562421798706e-03
-2.788359299302101135e-03
-2.776859328150749207e-03
-2.751842141151428223e-03
-2.721389755606651306e-03
-2.695102244615554810e-03
-2.674732357263565063e-03
-2.660082653164863586e-03
-2.647303044795989990e-03
-2.615069970488548279e-03
-2.560982480645179749e-03
-2.510203048586845398e-03
-2.462524920701980591e-03
-2.417599782347679138e-03
-2.374721691012382507e-03
-2.337325364351272583e-03
-2.302834764122962952e-03
-2.267061732709407806e-03
-2.231234684586524963e-03
-2.196708694100379944e-03
-2.158654853701591492e-03
-2.120579592883586884e-03
-2.083064056932926178e-03
-2.032794058322906494e-03
-1.983122900128364563e-03
-1.934018917381763458e-03
-1.889704726636409760e-03
-1.857667230069637299e-03
-1.826761290431022644e-03
-1.795731484889984131e-03
-1.764462329447269440e-03
-1.732887700200080872e-03
-1.698613166809082031e-03
-1.664631068706512451e-03
-1.629924401640892029e-03
-1.592336222529411316e-03
-1.557976007461547852e-03
-1.528674736618995667e-03
-1.495763659477233887e-03
-1.457709819078445435e-03
-1.418781466782093048e-03
-1.378959044814109802e-03
-1.338214613497257233e-03
-1.296536065638065338e-03
-1.253853552043437958e-03
-1.210165210068225861e-03
-1.167802140116691589e-03
-1.123014837503433228e-03
-1.071268692612648010e-03
-1.025815494358539581e-03
-9.817993268370628357e-04
-9.375372901558876038e-04
-8.962303400039672852e-04
-8.569518104195594788e-04
-8.169012144207954407e-04
-7.757684215903282166e-04
-7.329834625124931335e-04
-6.884047761559486389e-04
-6.444677710533142090e-04
-5.996320396661758423e-04
-5.573416128754615784e-04
-5.139838904142379761e-04
-4.696426913142204285e-04
-4.243375733494758606e-04
-3.781570121645927429e-04
-3.311373293399810791e-04
-2.833418548107147217e-04
-2.397093921899795532e-04
-1.966012641787528992e-04
-1.526139676570892334e-04
-1.077996566891670227e-04
-6.225518882274627686e-05
-1.599639654159545898e-05
2.687331289052963257e-05
6.156321614980697632e-05
9.574927389621734619e-05
1.302938908338546753e-04
1.651123166084289551e-04
1.995405182242393494e-04
2.343561500310897827e-04
2.699987962841987610e-04
3.058845177292823792e-04
3.425097092986106873e-04
3.798082470893859863e-04
4.172278568148612976e-04
4.550777375698089600e-04
4.934780299663543701e-04
5.323467776179313660e-04
5.716476589441299438e-04
6.113275885581970215e-04
6.513213738799095154e-04
6.915805861353874207e-04
7.320493459701538086e-04
7.726894691586494446e-04
8.134506642818450928e-04
8.542966097593307495e-04
8.951593190431594849e-04
9.359978139400482178e-04
9.767990559339523315e-04
1.017481088638305664e-03
1.058024354279041290e-03
1.098391599953174591e-03
1.138554885983467102e-03
1.178476959466934204e-03
1.218101941049098969e-03
1.257424242794513702e-03
1.296390779316425323e-03
1.334984786808490753e-03
1.373182050883769989e-03
1.410959288477897644e-03
1.448269933462142944e-03
1.485117711126804352e-03
1.521460711956024170e-03
1.557294279336929321e-03
1.592598855495452881e-03
1.627344638109207153e-03
1.661580055952072144e-03
1.696282997727394104e-03
1.731073483824729919e-03
1.765133813023567200e-03
1.798530109226703644e-03
1.831416971981525421e-03
1.863718032836914062e-03
1.895414665341377258e-03
1.926486380398273468e-03
1.956977881491184235e-03
1.986829563975334167e-03
2.014137804508209229e-03
2.052956260740756989e-03
2.095934934914112091e-03
2.134541980922222137e-03
2.172044012695550919e-03
2.209160942584276199e-03
2.245913259685039520e-03
2.282283268868923187e-03
2.318277955055236816e-03
2.352599054574966431e-03
2.385355532169342041e-03
2.417436335235834122e-03
2.449091989547014236e-03
2.479356713593006134e-03
2.506492193788290024e-03
2.533171325922012329e-03
2.559373155236244202e-03
2.585118170827627182e-03
2.610411494970321655e-03
2.635248005390167236e-03
2.659636549651622772e-03
2.683592960238456726e-03
2.707127481698989868e-03
2.730233594775199890e-03
2.752264961600303650e-03
2.772630658000707626e-03
2.792568877339363098e-03
2.812104299664497375e-03
2.831229940056800842e-03
2.849974203854799271e-03
2.868330571800470352e-03
2.880206797271966934e-03
2.891295589506626129e-03
2.901971805840730667e-03
2.912251744419336319e-03
2.922173589468002319e-03
2.931355498731136322e-03
2.938151359558105469e-03
2.944583538919687271e-03
2.950693480670452118e-03
2.956474199891090393e-03
2.961939200758934021e-03
2.967094071209430695e-03
2.971980720758438110e-03
2.976574003696441650e-03
2.980912104249000549e-03
2.978057600557804108e-03
2.962195314466953278e-03
2.946429420262575150e-03
2.931776922196149826e-03
2.916928846389055252e-03
2.902903594076633453e-03
2.888957038521766663e-03
2.874857746064662933e-03
2.860628534108400345e-03
2.846284303814172745e-03
2.831837162375450134e-03
2.817306201905012131e-03
2.802717033773660660e-03
2.788084093481302261e-03
2.773409243673086166e-03
2.758714836090803146e-03
2.744007855653762817e-03
2.729324623942375183e-03
2.714660950005054474e-03
2.700034063309431076e-03
2.685454208403825760e-03
2.670944668352603912e-03
2.656517550349235535e-03
2.642176579684019089e-03
2.627929206937551498e-03
2.613468095660209656e-03
2.597189974039793015e-03
2.581056673079729080e-03
2.564951777458190918e-03
2.548869699239730835e-03
2.532959450036287308e-03
2.517261076718568802e-03
2.501768525689840317e-03
2.486487384885549545e-03
2.467586658895015717e-03
2.460267860442399979e-03
2.456937916576862335e-03
2.454306464642286301e-03
2.433541230857372284e-03
2.402817364782094955e-03
2.372533548623323441e-03
2.342720050364732742e-03
2.313391771167516708e-03
2.284551039338111877e-03
2.258198801428079605e-03
2.233359962701797485e-03
2.208987250924110413e-03
2.185096032917499542e-03
2.161688171327114105e-03
2.138764597475528717e-03
2.115827053785324097e-03
2.087614499032497406e-03
2.058966085314750671e-03
2.030916512012481689e-03
2.003213856369256973e-03
1.976072788238525391e-03
1.949557103216648102e-03
1.923658419400453568e-03
1.899929251521825790e-03
1.879136543720960617e-03
1.858902163803577423e-03
1.839680597186088562e-03
1.822074875235557556e-03
1.803597901016473770e-03
1.777710858732461929e-03
1.745018642395734787e-03
1.713158097118139267e-03
1.682105474174022675e-03
1.651872880756855011e-03
1.622423529624938965e-03
1.593793276697397232e-03
1.565970946103334427e-03
1.538931392133235931e-03
1.510542817413806915e-03
1.482883468270301819e-03
1.456030178815126419e-03
1.430003438144922256e-03
1.404773909598588943e-03
1.377309206873178482e-03
1.346668228507041931e-03
1.316817011684179306e-03
1.286920625716447830e-03
1.257971860468387604e-03
1.229924149811267853e-03
1.202811487019062042e-03
1.176565419882535934e-03
1.151226460933685303e-03
1.126751769334077835e-03
1.103144604712724686e-03
1.073705498129129410e-03
1.040201168507337570e-03
1.007777871564030647e-03
9.764400310814380646e-04
9.461524896323680878e-04
9.169103577733039856e-04
8.887012954801321030e-04
8.614999242126941681e-04
8.352922741323709488e-04
8.100708946585655212e-04
7.843042258173227310e-04
7.526408880949020386e-04
7.218157406896352768e-04
6.921077147126197815e-04
6.635293830186128616e-04
6.360088009387254715e-04
6.091846153140068054e-04
5.771529395133256912e-04
5.384136456996202469e-04
5.010582972317934036e-04
4.640482366085052490e-04
4.249885678291320801e-04
3.854366950690746307e-04
3.451593220233917236e-04
3.062183968722820282e-04
2.687335945665836334e-04
2.263765782117843628e-04
1.794870477169752121e-04
1.325374469161033630e-04
8.728075772523880005e-05
4.307925701141357422e-05
-2.968590706586837769e-06
-4.946021363139152527e-05
-9.462493471801280975e-05
-1.380546018481254578e-04
-1.798474695533514023e-04
-2.199900336563587189e-04
-2.585428301244974136e-04
-2.955431118607521057e-04
-3.388372715562582016e-04
-3.858080599457025528e-04
-4.309413488954305649e-04
-4.743151366710662842e-04
-5.164782050997018814e-04
-5.568917840719223022e-04
-5.956541281193494797e-04
-6.327889859676361084e-04
-6.683294195681810379e-04
-7.023287471383810043e-04
-7.348279468715190887e-04
-7.658801041543483734e-04
-7.955131586641073227e-04
-8.237501606345176697e-04
-8.506621234118938446e-04
-8.762707002460956573e-04
-9.006217587739229202e-04
-9.237471967935562134e-04
-9.456791449338197708e-04
-9.664609096944332123e-04
-9.861174039542675018e-04
-1.004691701382398605e-03
-1.022214535623788834e-03
-1.038728514686226845e-03
-1.054231077432632446e-03
-1.068789046257734299e-03
-1.082426635548472404e-03
-1.095172716304659843e-03
-1.107051270082592964e-03
-1.118084182962775230e-03
-1.128313830122351646e-03
-1.137756742537021637e-03
-1.147770322859287262e-03
-1.178886042907834053e-03
-1.208457630127668381e-03
-1.236490206792950630e-03
-1.263084122911095619e-03
-1.288258703425526619e-03
-1.312055625021457672e-03
-1.334550324827432632e-03
-1.355763059109449387e-03
-1.375758321955800056e-03
-1.394551014527678490e-03
-1.412232173606753349e-03
-1.428778516128659248e-03
-1.444285036996006966e-03
-1.458758721128106117e-03
-1.472257310524582863e-03
-1.484774518758058548e-03
-1.496404642239212990e-03
-1.507162814959883690e-03
-1.517056254670023918e-03
-1.527011627331376076e-03
-1.539271790534257889e-03
-1.556419301778078079e-03
-1.572458771988749504e-03
-1.587427919730544090e-03
-1.601368188858032227e-03
-1.614311011508107185e-03
-1.626305514946579933e-03
-1.637370558455586433e-03
-1.647563884034752846e-03
-1.656899694353342056e-03
-1.665424089878797531e-03
-1.673187362030148506e-03
-1.680190907791256905e-03
-1.686484552919864655e-03
-1.692098565399646759e-03
-1.697036903351545334e-03
-1.701346831396222115e-03
-1.705065136775374413e-03
-1.708207884803414345e-03
-1.710791839286684990e-03
-1.712857978418469429e-03
-1.714411657303571701e-03
-1.715486869215965271e-03
-1.716101309284567833e-03
-1.716264989227056503e-03
-1.716019585728645325e-03
-1.715367427095770836e-03
-1.714342972263693810e-03
-1.712944824248552322e-03
-1.711214194074273109e-03
-1.709146890789270401e-03
-1.706746872514486313e-03
-1.704072579741477966e-03
-1.701112370938062668e-03
-1.697884406894445419e-03
-1.694384030997753143e-03
-1.690655248239636421e-03
-1.686688978224992752e-03
-1.682501286268234253e-03
-1.678114291280508041e-03
-1.673524035140872002e-03
-1.668749609962105751e-03
-1.663810340687632561e-03
-1.658696681261062622e-03
-1.653420506045222282e-03
-1.648004399612545967e-03
-1.642465358600020409e-03
-1.636755885556340218e-03
-1.630960265174508095e-03
-1.625037286430597305e-03
-1.619011396542191505e-03
-1.612883294001221657e-03
-1.606665784493088722e-03
-1.600347226485610008e-03
-1.593950670212507248e-03
-1.587498700246214867e-03
-1.580946147441864014e-03
-1.574334804899990559e-03
-1.567678409628570080e-03
-1.560939243063330650e-03
-1.554169342853128910e-03
-1.547351130284368992e-03
-1.540497876703739166e-03
-1.533594680950045586e-03
-1.526663545519113541e-03
-1.519692945294082165e-03
-1.512695220299065113e-03
-1.505687600001692772e-03
-1.498634926974773407e-03
-1.491586910560727119e-03
-1.484514446929097176e-03
-1.477419980801641941e-03
-1.470320741645991802e-03
-1.463228720240294933e-03
-1.456107827834784985e-03
-1.448996481485664845e-03
-1.441876869648694992e-03
-1.434767502360045910e-03
-1.427638344466686249e-03
-1.420540269464254379e-03
-1.413429388776421547e-03
-1.406321651302278042e-03
-1.399229397065937519e-03
-1.392152509652078152e-03
-1.385084469802677631e-03
-1.378025044687092304e-03
-1.370981335639953613e-03
-1.363944844342768192e-03
-1.356931170448660851e-03
-1.349936705082654953e-03
-1.342952367849647999e-03
-1.335989218205213547e-03
-1.329045626334846020e-03
-1.322125550359487534e-03
-1.315220957621932030e-03
-1.308328239247202873e-03
-1.301471958868205547e-03
-1.294629182666540146e-03
-1.287810388021171093e-03
-1.281022327020764351e-03
-1.274251495487987995e-03
-1.267507323063910007e-03
-1.260802149772644043e-03
-1.254111179150640965e-03
-1.247425330802798271e-03
-1.240781741216778755e-03
-1.234160270541906357e-03
-1.227574772201478481e-03
-1.221012324094772339e-03
-1.214472809806466103e-03
-1.207957509905099869e-03
-1.201470964588224888e-03
-1.195018179714679718e-03
-1.188589958474040031e-03
-1.182182924821972847e-03
-1.175807672552764416e-03
-1.169449416920542717e-03
-1.163126551546156406e-03
-1.156835234723985195e-03
-1.150567666627466679e-03
-1.144338748417794704e-03
-1.138118444941937923e-03
-1.131944940425455570e-03
-1.125796581618487835e-03
-1.119664637371897697e-03
-1.113563310354948044e-03
-1.107498537749052048e-03
-1.101453672163188457e-03
-1.095430459827184677e-03
-1.089436816982924938e-03
-1.083487877622246742e-03
-1.077546039596199989e-03
-1.071651349775493145e-03
-1.065771793946623802e-03
-1.059923204593360424e-03
-1.054100692272186279e-03
-1.048302277922630310e-03
-1.042539952322840691e-03
-1.036794041283428669e-03
-1.031081075780093670e-03
-1.025399309583008289e-03
-1.019736984744668007e-03
-1.014106557704508305e-03
-1.008495339192450047e-03
-1.002916600555181503e-03
-9.973633568733930588e-04
-9.918264113366603851e-04
-9.863168234005570412e-04
-9.808444883674383163e-04
-9.754030033946037292e-04
-9.699752554297447205e-04
-9.645713726058602333e-04
-9.592007845640182495e-04
-9.538556914776563644e-04
-9.485286427661776543e-04
-9.432352380827069283e-04
-9.379641851410269737e-04
-9.327247971668839455e-04
-9.274999611079692841e-04
-9.223074885085225105e-04
-9.171322453767061234e-04
-9.119824972003698349e-04
-9.068570798262953758e-04
-9.017598349601030350e-04
-8.966868044808506966e-04
-8.916342630982398987e-04
-8.866139687597751617e-04
-8.816062472760677338e-04
-8.766261162236332893e-04
-8.716688025742769241e-04
-8.667357033118605614e-04
-8.618270512670278549e-04
-8.569444762542843819e-04
-8.520814590156078339e-04
-8.472413755953311920e-04
-8.424288826063275337e-04
-8.376383921131491661e-04
-8.328668773174285889e-04
-8.281330810859799385e-04
-8.234075503423810005e-04
-8.187036728486418724e-04
-8.140212157741189003e-04
-8.093618089333176613e-04
-8.047246374189853668e-04
-8.001093519851565361e-04
-7.955150213092565536e-04
-7.909433916211128235e-04
-7.863926002755761147e-04
-7.818634621798992157e-04
-7.773594697937369347e-04
-7.728722412139177322e-04
-7.684070151299238205e-04
-7.639622781425714493e-04
-7.595377974212169647e-04
-7.551350863650441170e-04
-7.507523987442255020e-04
-7.463905494660139084e-04
-7.420486072078347206e-04
-7.377271540462970734e-04
-7.334261899814009666e-04
-7.291454821825027466e-04
-7.248837500810623169e-04
-7.206427399069070816e-04
