-2.605468332767486572e-01
-2.795952856540679932e-01
-2.969091236591339111e-01
-3.125720918178558350e-01
-3.266814053058624268e-01
-3.393218219280242920e-01
-3.505717217922210693e-01
-3.604756295680999756e-01
-3.681515157222747803e-01
-3.747541010379791260e-01
-3.802950084209442139e-01
-3.848430812358856201e-01
-3.884378373622894287e-01
-3.910787999629974365e-01
-3.928562700748443604e-01
-3.937588036060333252e-01
-3.938278853893280029e-01
-3.931832015514373779e-01
-3.918344676494598389e-01
-3.897731602191925049e-01
-3.870323002338409424e-01
-3.836421668529510498e-01
-3.796322047710418701e-01
-3.750340640544891357e-01
-3.698970973491668701e-01
-3.644852340221405029e-01
-3.585552871227264404e-01
-3.521727025508880615e-01
-3.453512489795684814e-01
-3.380441367626190186e-01
-3.302796185016632080e-01
-3.221299350261688232e-01
-3.135778605937957764e-01
-3.045910298824310303e-01
-2.952505052089691162e-01
-2.855212390422821045e-01
-2.753038108348846436e-01
-2.647899687290191650e-01
-2.540015280246734619e-01
-2.429607957601547241e-01
-2.316960543394088745e-01
-2.202355712652206421e-01
-2.085565179586410522e-01
-1.968366354703903198e-01
-1.851079314947128296e-01
-1.734234541654586792e-01
-1.618305891752243042e-01
-1.502601951360702515e-01
-1.390163153409957886e-01
-1.279511302709579468e-01
-1.168690100312232971e-01
-1.058082357048988342e-01
-9.475252777338027954e-02
-8.372823148965835571e-02
-7.276222854852676392e-02
-6.340227276086807251e-02
-5.434886738657951355e-02
-4.537383839488029480e-02
-3.650198504328727722e-02
-2.779267169535160065e-02
-1.927379705011844635e-02
-1.093314122408628464e-02
-2.778808120638132095e-03
5.166669841855764389e-03
1.288386154919862747e-02
2.035339735448360443e-02
2.756657265126705170e-02
3.452606871724128723e-02
4.118998721241950989e-02
4.754425957798957825e-02
5.327119305729866028e-02
5.830254033207893372e-02
6.261172145605087280e-02
6.647791713476181030e-02
6.990327686071395874e-02
7.288565486669540405e-02
7.541283220052719116e-02
7.749732583761215210e-02
7.914086431264877319e-02
8.037557452917098999e-02
8.120717853307723999e-02
8.156605809926986694e-02
8.138253539800643921e-02
8.050885051488876343e-02
7.776930183172225952e-02
7.448478788137435913e-02
7.075502723455429077e-02
6.664099544286727905e-02
6.220110133290290833e-02
5.745520070195198059e-02
5.242415145039558411e-02
4.886348918080329895e-02
4.526354745030403137e-02
4.145814850926399231e-02
3.746189549565315247e-02
3.329845145344734192e-02
2.898701094090938568e-02
2.624495886266231537e-02
2.393450401723384857e-02
2.154078148305416107e-02
1.913942955434322357e-02
1.671465300023555756e-02
1.431115437299013138e-02
1.187001634389162064e-02
9.403754957020282745e-03
7.488836999982595444e-03
6.131043191999197006e-03
4.824092146009206772e-03
3.562023397535085678e-03
2.315988298505544662e-03
1.090904115699231625e-03
-1.351336250081658363e-04
-1.326004625298082829e-03
-2.475867513567209244e-03
-3.579685930162668228e-03
-4.633645061403512955e-03
-5.633721593767404556e-03
-6.576756481081247330e-03
-7.462928537279367447e-03
-7.796356920152902603e-03
-8.226404897868633270e-03
-8.899549953639507294e-03
-9.510050527751445770e-03
-1.006285380572080612e-02
-1.056848000735044479e-02
-1.101244520395994186e-02
-1.139600109308958054e-02
-1.172036956995725632e-02
-1.198715995997190475e-02
-1.219830941408872604e-02
-1.235599350184202194e-02
-1.246271561831235886e-02
-1.252080034464597702e-02
-1.258675288408994675e-02
-1.265374850481748581e-02
-1.268060039728879929e-02
-1.267034839838743210e-02
-1.262612175196409225e-02
-1.250092219561338425e-02
-1.229287218302488327e-02
-1.194999646395444870e-02
-1.183731388300657272e-02
-1.170692872256040573e-02
-1.156131457537412643e-02
-1.140261720865964890e-02
-1.123342942446470261e-02
-1.105553936213254929e-02
-1.067749690264463425e-02
-1.025448273867368698e-02
-9.822259657084941864e-03
-9.382466785609722137e-03
-8.971045725047588348e-03
-8.600602857768535614e-03
-8.182357065379619598e-03
-7.514844182878732681e-03
-6.871292833238840103e-03
-6.272892002016305923e-03
-5.700568202883005142e-03
-5.020956043154001236e-03
-4.372278694063425064e-03
-4.121134523302316666e-03
-3.868530038744211197e-03
-3.349895123392343521e-03
-2.830619458109140396e-03
-2.305532339960336685e-03
-1.811260939575731754e-03
-1.364851952530443668e-03
-9.669760474935173988e-04
-6.179461488500237465e-04
-3.177175531163811684e-04
-6.654358003288507462e-05
1.356204738840460777e-04
7.293423404917120934e-04
1.471598981879651546e-03
2.166619058698415756e-03
2.814953681081533432e-03
3.383105155080556870e-03
3.711616154760122299e-03
3.972550388425588608e-03
4.157205577939748764e-03
4.474823828786611557e-03
4.848485346883535385e-03
4.731853958219289780e-03
4.695659037679433823e-03
5.197142716497182846e-03
5.654802080243825912e-03
6.029983516782522202e-03
6.346096750348806381e-03
6.613512989133596420e-03
6.594081874936819077e-03
6.823455449193716049e-03
7.030685897916555405e-03
7.217382546514272690e-03
7.369389291852712631e-03
7.473205681890249252e-03
7.559751626104116440e-03
7.631634827703237534e-03
7.970144040882587433e-03
8.293231017887592316e-03
8.410845883190631866e-03
8.451332338154315948e-03
8.496214635670185089e-03
8.523290045559406281e-03
8.532737381756305695e-03
8.529280312359333038e-03
8.508552797138690948e-03
8.470107801258563995e-03
8.413572795689105988e-03
8.540307171642780304e-03
8.631770499050617218e-03
8.696769364178180695e-03
8.733888156712055206e-03
8.741755969822406769e-03
8.718674071133136749e-03
8.663018234074115753e-03
8.625288493931293488e-03
8.614649064838886261e-03
8.570809848606586456e-03
8.482103236019611359e-03
8.346398361027240753e-03
8.153085596859455109e-03
7.896591909229755402e-03
7.827644236385822296e-03
8.234743960201740265e-03
8.450825698673725128e-03
8.588631637394428253e-03
8.647908456623554230e-03
8.641441352665424347e-03
8.603964932262897491e-03
8.486707694828510284e-03
8.289922960102558136e-03
8.013938553631305695e-03
7.659283932298421860e-03
7.407737430185079575e-03
7.647325750440359116e-03
7.815760560333728790e-03
7.903319783508777618e-03
7.945944555103778839e-03
7.943903096020221710e-03
7.897508330643177032e-03
7.807066198438405991e-03
7.673000451177358627e-03
7.495788391679525375e-03
7.282843347638845444e-03
7.221390958875417709e-03
7.186388131231069565e-03
7.114579435437917709e-03
7.005882915109395981e-03
6.860492285341024399e-03
6.685537751764059067e-03
6.516133900731801987e-03
6.370787974447011948e-03
6.345634814351797104e-03
6.317620631307363510e-03
6.257390137761831284e-03
6.164779420942068100e-03
6.075841840356588364e-03
6.052819546312093735e-03
6.008466240018606186e-03
5.932999309152364731e-03
5.826619919389486313e-03
5.689201410859823227e-03
5.547431763261556625e-03
5.535831209272146225e-03
5.472255405038595200e-03
5.546612199395895004e-03
5.598296876996755600e-03
5.604749079793691635e-03
5.286586936563253403e-03
4.961883183568716049e-03
4.699861165136098862e-03
4.678112920373678207e-03
4.743089433759450912e-03
4.780208226293325424e-03
4.778740461915731430e-03
4.741472657769918442e-03
4.675073083490133286e-03
4.579534288495779037e-03
4.455213900655508041e-03
4.303438123315572739e-03
4.123864229768514633e-03
4.056667443364858627e-03
3.905733581632375717e-03
4.074802156537771225e-03
4.197706934064626694e-03
4.275274928659200668e-03
4.308474715799093246e-03
4.114320036023855209e-03
3.843118902295827866e-03
3.782433923333883286e-03
3.692117985337972641e-03
3.533249255269765854e-03
3.542204853147268295e-03
3.552248235791921616e-03
3.541266079992055893e-03
3.510808106511831284e-03
3.462505992501974106e-03
3.397857304662466049e-03
3.318560775369405746e-03
3.260673489421606064e-03
3.482808824628591537e-03
3.416107501834630966e-03
3.302437718957662582e-03
3.185064997524023056e-03
3.053741063922643661e-03
2.908335532993078232e-03
2.748680766671895981e-03
2.574806567281484604e-03
2.386739011853933334e-03
2.170597668737173080e-03
2.400362398475408554e-03
2.458476927131414413e-03
2.503232564777135849e-03
2.537762280553579330e-03
2.558694686740636826e-03
2.565046306699514389e-03
2.556873019784688950e-03
2.536804880946874619e-03
2.497588749974966049e-03
2.442685421556234360e-03
2.375429030507802963e-03
2.294016536325216293e-03
2.198801841586828232e-03
2.090276684612035751e-03
2.007321920245885849e-03
1.914662658236920834e-03
1.811393885873258114e-03
1.721472828648984432e-03
1.698923646472394466e-03
1.670115976594388485e-03
1.635418622754514217e-03
1.595181762240827084e-03
1.772326766513288021e-03
1.347978948615491390e-03
1.020425348542630672e-03
8.480710675939917564e-04
6.758918752893805504e-04
5.042938282713294029e-04
3.353817155584692955e-04
3.097889712080359459e-04
3.108022501692175865e-04
3.237699856981635094e-04
3.364769509062170982e-04
3.412229707464575768e-04
2.908458700403571129e-04
2.375779440626502037e-04
1.829391112551093102e-04
1.263966551050543785e-04
6.726139690726995468e-05
6.758957169950008392e-06
-3.793335054069757462e-05
-6.971007678657770157e-05
-8.898100350052118301e-05
-1.185113796964287758e-04
-2.127910265699028969e-04
-3.167750546708703041e-04
-4.420006880536675453e-04
-5.853908369317650795e-04
-4.799204180017113686e-04
-4.887158283963799477e-04
-5.090931663289666176e-04
-5.397411296144127846e-04
-5.304651567712426186e-04
-5.623722681775689125e-04
-6.397428223863244057e-04
-6.735274801030755043e-04
-7.391037652269005775e-04
-8.549155900254845619e-04
-7.462600478902459145e-04
-7.055090973153710365e-04
-7.444495568051934242e-04
-8.070437470450997353e-04
-8.397015044465661049e-04
-8.939491817727684975e-04
-8.676262805238366127e-04
-8.935300866141915321e-04
-9.981790790334343910e-04
-1.162479282356798649e-03
-9.953571716323494911e-04
-9.118193993344902992e-04
-9.200485656037926674e-04
-1.034197048284113407e-03
-1.094649196602404118e-03
-1.085535273887217045e-03
-1.091892481781542301e-03
-1.256380812264978886e-03
-1.151290372945368290e-03
-1.038667396642267704e-03
-1.089975819922983646e-03
-1.179328770376741886e-03
-1.242485479451715946e-03
-1.311120227910578251e-03
-1.321832300163805485e-03
-1.271848217584192753e-03
-1.282917917706072330e-03
-1.360471011139452457e-03
-1.470599905587732792e-03
-1.404192880727350712e-03
-1.338789821602404118e-03
-1.427440554834902287e-03
-1.474425778724253178e-03
-1.491830334998667240e-03
-1.556598232127726078e-03
-1.639638678170740604e-03
-1.663944334723055363e-03
-1.710318611003458500e-03
-1.672650338150560856e-03
-1.677793101407587528e-03
-1.709348172880709171e-03
-1.655838103033602238e-03
-1.653010607697069645e-03
-1.681563095189630985e-03
-1.711343065835535526e-03
-1.760939718224108219e-03
-1.764350221492350101e-03
-1.777586177922785282e-03
-1.814663992263376713e-03
-1.829961896874010563e-03
-1.841258839704096317e-03
-1.873288885690271854e-03
-1.908863545395433903e-03
-1.932608545757830143e-03
-1.910567865706980228e-03
-1.907138735987246037e-03
-1.921197981573641300e-03
-1.936456770636141300e-03
-1.985198352485895157e-03
-2.030458766967058182e-03
-2.073783893138170242e-03
-2.080504316836595535e-03
-2.104094717651605606e-03
-2.105370629578828812e-03
-2.111334819346666336e-03
-2.133004833012819290e-03
-2.143612597137689590e-03
-2.164207864552736282e-03
-2.190322149544954300e-03
-2.227761317044496536e-03
-2.270985860377550125e-03
-2.231048885732889175e-03
-2.207654062658548355e-03
-2.188293728977441788e-03
-2.174079883843660355e-03
-2.177939284592866898e-03
-2.182936761528253555e-03
-2.188258338719606400e-03
-2.182474825531244278e-03
-2.200270537286996841e-03
-2.193570602685213089e-03
-2.182340715080499649e-03
-2.172729466110467911e-03
-2.151102293282747269e-03
-2.136806491762399673e-03
-2.114527393132448196e-03
-2.076913136988878250e-03
-2.053011674433946609e-03
-2.024414483457803726e-03
-1.996269915252923965e-03
-1.976645085960626602e-03
-1.965096686035394669e-03
-1.907922909595072269e-03
-1.843389705754816532e-03
-1.783593208529055119e-03
-1.728192553855478764e-03
-1.676215440966188908e-03
-1.630619750358164310e-03
-1.590048545040190220e-03
-1.546528772450983524e-03
-1.504664891399443150e-03
-1.463016145862638950e-03
-1.417080522514879704e-03
-1.369255245663225651e-03
-1.308328122831881046e-03
-1.248347223736345768e-03
-1.190763548947870731e-03
-1.155161880888044834e-03
-1.117961131967604160e-03
-1.080550835467875004e-03
-1.042719581164419651e-03
-1.002291799522936344e-03
-9.613098809495568275e-04
-9.183395886793732643e-04
-8.726656669750809669e-04
-8.355738827958703041e-04
-7.962264353409409523e-04
-7.505767280235886574e-04
-7.036511087790131569e-04
-6.553918356075882912e-04
-6.057970458641648293e-04
-5.546264583244919777e-04
-5.018726224079728127e-04
-4.502354422584176064e-04
-3.908375510945916176e-04
-3.340073162689805031e-04
-2.793424064293503761e-04
-2.261871704831719398e-04
-1.790575915947556496e-04
-1.315070549026131630e-04
-8.261913899332284927e-05
-3.179686609655618668e-05
2.048572059720754623e-05
7.256621029227972031e-05
1.223211875185370445e-04
1.736584817990660667e-04
2.264914801344275475e-04
2.807270502671599388e-04
3.362515708431601524e-04
3.926496719941496849e-04
4.444144433364272118e-04
4.970658337697386742e-04
5.492655327543616295e-04
6.026750197634100914e-04
6.572225829586386681e-04
7.127508288249373436e-04
7.514938479289412498e-04
7.917251205071806908e-04
8.326716488227248192e-04
8.732959395274519920e-04
9.144697105512022972e-04
9.567452361807227135e-04
9.996605804190039635e-04
1.043173833750188351e-03
1.087325974367558956e-03
1.132396399043500423e-03
1.178283593617379665e-03
1.224878593347966671e-03
1.272110617719590664e-03
1.319859526120126247e-03
1.368041499517858028e-03
1.416570856235921383e-03
1.465357257984578609e-03
1.514302915893495083e-03
1.563349156640470028e-03
1.612394466064870358e-03
1.661388552747666836e-03
1.710233627818524837e-03
1.758883125148713589e-03
1.807247637771070004e-03
1.855269423685967922e-03
1.902893534861505032e-03
1.950083649717271328e-03
1.996740233153104782e-03
2.042857464402914047e-03
2.088352572172880173e-03
2.133213449269533157e-03
2.177381422370672226e-03
2.221473958343267441e-03
2.265428658574819565e-03
2.308786381036043167e-03
2.351467031985521317e-03
2.393379341810941696e-03
2.434533555060625076e-03
2.474814187735319138e-03
2.513959538191556931e-03
2.551661338657140732e-03
2.588455099612474442e-03
2.624314744025468826e-03
2.659252379089593887e-03
2.693076152354478836e-03
2.729801926761865616e-03
2.779250498861074448e-03
2.825035247951745987e-03
2.870021853595972061e-03
2.914456650614738464e-03
2.958370838314294815e-03
3.001735545694828033e-03
3.043166827410459518e-03
3.082077018916606903e-03
3.120371140539646149e-03
3.156958613544702530e-03
3.189520444720983505e-03
3.221415914595127106e-03
3.252619411796331406e-03
3.283185418695211411e-03
3.313075751066207886e-03
3.342342097312211990e-03
3.370968159288167953e-03
3.399124369025230408e-03
3.426415380090475082e-03
3.450775519013404846e-03
3.474500030279159546e-03
3.497649915516376495e-03
3.520220983773469925e-03
3.541865851730108261e-03
3.556849434971809387e-03
3.569790627807378769e-03
3.582155331969261169e-03
3.593958448618650436e-03
3.605220001190900803e-03
3.613312728703022003e-03
3.620575647801160812e-03
3.627359401434659958e-03
3.633668646216392517e-03
3.639526665210723877e-03
3.644976764917373657e-03
3.650182858109474182e-03
3.655029926449060440e-03
3.643622156232595444e-03
3.623206634074449539e-03
3.604373428970575333e-03
3.586502745747566223e-03
3.568946849554777145e-03
3.551169764250516891e-03
3.533180803060531616e-03
3.515033982694149017e-03
3.496737685054540634e-03
3.478329628705978394e-03
3.459843341261148453e-03
3.441286273300647736e-03
3.422715235501527786e-03
3.404140472412109375e-03
3.385581541806459427e-03
3.367067780345678329e-03
3.348611295223236084e-03
3.330258186906576157e-03
3.312030807137489319e-03
3.293947782367467880e-03
3.274810034781694412e-03
3.254381474107503891e-03
3.234336152672767639e-03
3.214527387171983719e-03
3.194594755768775940e-03
3.174896351993083954e-03
3.161469008773565292e-03
3.152778837829828262e-03
3.138953354209661484e-03
3.134766593575477600e-03
3.130802419036626816e-03
3.116572741419076920e-03
3.076254855841398239e-03
3.036634530872106552e-03
2.998587675392627716e-03
2.961666788905858994e-03
2.925472799688577652e-03
2.893316093832254410e-03
2.862227614969015121e-03
2.831835765391588211e-03
2.802175935357809067e-03
2.773248124867677689e-03
2.737133763730525970e-03
2.700223121792078018e-03
2.664301078766584396e-03
2.629816066473722458e-03
2.596219535917043686e-03
2.563192043453454971e-03
2.531568054109811783e-03
2.505001612007617950e-03
2.479271497577428818e-03
2.455525100231170654e-03
2.431277185678482056e-03
2.396672498434782028e-03
2.355187665671110153e-03
2.314942423254251480e-03
2.275911159813404083e-03
2.238091081380844116e-03
2.201484050601720810e-03
2.166065387427806854e-03
2.130826003849506378e-03
2.095041796565055847e-03
2.060497645288705826e-03
2.027173526585102081e-03
1.995052676647901535e-03
1.955832820385694504e-03
1.917766290716826916e-03
1.879733405075967312e-03
1.842894474975764751e-03
1.807427383027970791e-03
1.773321419022977352e-03
1.740555162541568279e-03
1.709091826342046261e-03
1.678931876085698605e-03
1.635961118154227734e-03
1.594459055922925472e-03
1.554553746245801449e-03
1.516249147243797779e-03
1.479485421441495419e-03
1.444264431484043598e-03
1.410537050105631351e-03
1.378277898766100407e-03
1.347470446489751339e-03
1.311302999965846539e-03
1.273144618608057499e-03
1.236658659763634205e-03
1.201802748255431652e-03
1.168084912933409214e-03
1.119178137741982937e-03
1.071787322871387005e-03
1.026159967295825481e-03
9.779991814866662025e-04
9.292234899476170540e-04
8.809283608570694923e-04
8.332048309966921806e-04
7.804654305800795555e-04
7.230223855003714561e-04
6.649800343438982964e-04
6.094536511227488518e-04
5.563680315390229225e-04
5.010730819776654243e-04
4.453776637092232704e-04
3.917292924597859383e-04
3.405454335734248161e-04
2.917324891313910484e-04
2.428250154480338097e-04
1.834599534049630165e-04
1.255240058526396751e-04
6.971426773816347122e-05
1.652014907449483871e-05
-3.410654608160257339e-05
-8.225010242313146591e-05
-1.280104042962193489e-04
-1.714261015877127647e-04
-2.126243198290467262e-04
-2.516343956813216209e-04
-2.885506255552172661e-04
-3.234368050470948219e-04
-3.563602222129702568e-04
-3.873863024637103081e-04
-4.165869904682040215e-04
-4.440270131453871727e-04
-4.697687691077589989e-04
-4.938583588227629662e-04
-5.163707537576556206e-04
-5.373727763071656227e-04
-5.569044733420014381e-04
-5.750140408053994179e-04
-5.917894886806607246e-04
-6.072489777579903603e-04
-6.214532768353819847e-04
-6.344666471704840660e-04
-6.682568928226828575e-04
-7.078101625666022301e-04
-7.450232515111565590e-04
-7.799906888976693153e-04
-8.128137560561299324e-04
-8.435779018327593803e-04
-8.723473874852061272e-04
-8.992113871499896049e-04
-9.242637315765023232e-04
-9.475582046434283257e-04
-9.691872401162981987e-04
-9.919755393639206886e-04
-1.013692817650735378e-03
-1.034301589243113995e-03
-1.058659167028963566e-03
-1.083363196812570095e-03
-1.106297713704407215e-03
-1.128642470575869083e-03
-1.151082688011229038e-03
-1.171836978755891323e-03
-1.190993818454444408e-03
-1.208611181937158108e-03
-1.224756822921335697e-03
-1.239608856849372387e-03
-1.253329566679894924e-03
-1.265748054720461369e-03
-1.276953262276947498e-03
-1.286986633203923702e-03
-1.295926165767014027e-03
-1.303809345699846745e-03
-1.310676918365061283e-03
-1.316598965786397457e-03
-1.321613439358770847e-03
-1.325793447904288769e-03
-1.329152961261570454e-03
-1.331735984422266483e-03
-1.333580934442579746e-03
-1.334758824668824673e-03
-1.335257315076887608e-03
-1.335147186182439327e-03
-1.334466855041682720e-03
-1.333215855993330479e-03
-1.331438426859676838e-03
-1.329184626229107380e-03
-1.326464232988655567e-03
-1.323318923823535442e-03
-1.319749164395034313e-03
-1.315790810622274876e-03
-1.311481581069529057e-03
-1.306820078752934933e-03
-1.301838201470673084e-03
-1.296561094932258129e-03
-1.291005988605320454e-03
-1.285181031562387943e-03
-1.279108109883964062e-03
-1.272817724384367466e-03
-1.266306149773299694e-03
-1.259602257050573826e-03
-1.252716989256441593e-03
-1.245660823769867420e-03
-1.238457509316504002e-03
-1.231081201694905758e-03
-1.223578699864447117e-03
-1.215970027260482311e-03
-1.208234461955726147e-03
-1.200391328893601894e-03
-1.192467636428773403e-03
-1.184451975859701633e-03
-1.176349935121834278e-03
-1.168181304819881916e-03
-1.159957726486027241e-03
-1.151656848378479481e-03
-1.143344910815358162e-03
-1.134958351030945778e-03
-1.126541639678180218e-03
-1.118101761676371098e-03
-1.109627075493335724e-03
-1.101139583624899387e-03
-1.092626713216304779e-03
-1.084094052202999592e-03
-1.075544976629316807e-03
-1.067011500708758831e-03
-1.058462308719754219e-03
-1.049920450896024704e-03
-1.041385694406926632e-03
-1.032856293022632599e-03
-1.024329569190740585e-03
-1.015829853713512421e-03
-1.007332350127398968e-03
-9.988574311137199402e-04
-9.903912432491779327e-04
-9.819546248763799667e-04
-9.735296480357646942e-04
-9.651472792029380798e-04
-9.567848173901438713e-04
-9.484342299401760101e-04
-9.401192655786871910e-04
-9.318513330072164536e-04
-9.236148325726389885e-04
-9.153777500614523888e-04
-9.071883978322148323e-04
-8.990415371954441071e-04
-8.909193566069006920e-04
-8.828466525301337242e-04
-8.747980464249849319e-04
-8.667944930493831635e-04
-8.588095661252737045e-04
-8.508702740073204041e-04
-8.429788285866379738e-04
-8.351135766133666039e-04
-8.272947743535041809e-04
-8.195092668756842613e-04
-8.117766119539737701e-04
-8.040769025683403015e-04
-7.963932584971189499e-04
-7.887642132118344307e-04
-7.811973337084054947e-04
-7.736405823379755020e-04
-7.661391282454133034e-04
-7.586712017655372620e-04
-7.512470474466681480e-04
-7.438641041517257690e-04
-7.365180645138025284e-04
-7.292109075933694839e-04
-7.219434482976794243e-04
-7.147155702114105225e-04
-7.075333269312977791e-04
-7.003911305218935013e-04
-6.932819960638880730e-04
-6.862235022708773613e-04
-6.791985360905528069e-04
-6.722031394019722939e-04
-6.652640877291560173e-04
-6.583587964996695518e-04
-6.514861015602946281e-04
-6.446457700803875923e-04
-6.378570105880498886e-04
-6.311001488938927650e-04
-6.243824027478694916e-04
-6.177044706419110298e-04
-6.110613467171788216e-04
-6.044566398486495018e-04
-5.978901172056794167e-04
-5.913615459576249123e-04
-5.848677828907966614e-04
-5.784152308478951454e-04
-5.720037734135985374e-04
-5.656246794387698174e-04
-5.592834204435348511e-04
-5.529749905690550804e-04
-5.467028822749853134e-04
-5.404700059443712234e-04
-5.342736840248107910e-04
-5.281060002744197845e-04
-5.219727754592895508e-04
-5.158825078979134560e-04
-5.098198307678103447e-04
-5.037921946495771408e-04
-4.978057695552706718e-04
-4.918464692309498787e-04
-4.859252367168664932e-04
-4.800298484042286873e-04
-4.741757875308394432e-04
-4.683554871007800102e-04
-4.625717410817742348e-04
-4.568092990666627884e-04
-4.510844592005014420e-04
-4.453910514712333679e-04
-4.397340817376971245e-04
-4.341051680967211723e-04
-4.285087343305349350e-04
-4.229436162859201431e-04
-4.174106288701295853e-04
-4.119086079299449921e-04
-4.064375534653663635e-04
-4.009971162304282188e-04
-3.955917200073599815e-04
-3.902120515704154968e-04
-3.848634660243988037e-04
-3.795447992160916328e-04
-3.742559347301721573e-04
-3.689966397359967232e-04
-3.637678455561399460e-04
-3.585674567148089409e-04
-3.533961717039346695e-04
-3.482538741081953049e-04
-3.431411460041999817e-04
-3.380556590855121613e-04
-3.329999744892120361e-04
-3.279711818322539330e-04
-3.229713765904307365e-04
-3.179995110258460045e-04
-3.130547702312469482e-04
-3.081377362832427025e-04
-3.032481763511896133e-04
-2.983852755278348923e-04
-2.935503143817186356e-04
-2.887417795136570930e-04
-2.839592052623629570e-04
-2.792036393657326698e-04
-2.744746161624789238e-04
-2.697712043300271034e-04
-2.650943351909518242e-04
-2.604427281767129898e-04
-2.558174310252070427e-04
-2.512171631678938866e-04
-2.466422738507390022e-04
-2.420927630737423897e-04
-2.375679323449730873e-04
-2.330684801563620567e-04
-2.285932423546910286e-04
-2.241426846012473106e-04
-2.197168068960309029e-04
-2.153147943317890167e-04
-2.109367633238434792e-04
-2.065832959488034248e-04
-2.022529952228069305e-04
-1.979469088837504387e-04
-1.936637563630938530e-04
-1.894043525680899620e-04
-1.851677661761641502e-04
-1.809548703022301197e-04
-1.767642097547650337e-04
-1.725966576486825943e-04
-1.684516901150345802e-04
-1.643292489461600780e-04
-1.602291595190763474e-04
-1.561513636261224747e-04
-1.520953373983502388e-04
-1.480616629123687744e-04
-1.440492924302816391e-04
-1.400589244440197945e-04
-1.360899768769741058e-04
-1.321427989751100540e-04
-1.282164594158530235e-04
-1.243113656528294086e-04
-1.204271684400737286e-04
-1.165643334388732910e-04
-1.127215800806879997e-04
-1.089001889340579510e-04
-1.050986465997993946e-04
-1.013180008158087730e-04
-9.755697101354598999e-05
-9.381654672324657440e-05
-9.009585482999682426e-05
-8.639565203338861465e-05
-8.271454134956002235e-05
-7.905339589342474937e-05
-7.541151717305183411e-05
-7.178942905738949776e-05
-6.818625843152403831e-05
-6.460235454142093658e-05
-6.103730993345379829e-05
-5.749182309955358505e-05
-5.396438064053654671e-05
-5.045632133260369301e-05
-4.696642281487584114e-05
-4.349515074864029884e-05
-4.004209768027067184e-05
-3.660743823274970055e-05
-3.319076495245099068e-05
-2.979265991598367691e-05
-2.641178434714674950e-05
-2.304918598383665085e-05
-1.970399171113967896e-05
-1.637695822864770889e-05
-1.306668855249881744e-05
-9.774405043572187424e-06
-6.498827133327722549e-06
-3.241002559661865234e-06
0.000000000000000000e+00
